2797146
2801149
2799795
2800810
2762043
2609391
2801555
2801363
2647985
2798317
2791021
2803068
2802493
2801509
2759687
2802862
2803006
2802133
2802564
2802979
2802729
2803042
2802211
2802700
2803231
2787416
2797192
2787437
2797736
2795538
2794532
2788479
2793283
2269941
2495295
2802920
2803478
2802160
2802346
2801215
2773292
2802100
2803501
2803444
2802086
2798281
2801105
2800502
2800106
2799272
2798614
2798470
2798190
2801743
2802184
2802052
2796706
2793619
2788073
2796464
2791932
2791128
2791390
2760639
2750323
2798911
2802584
2802600
2802830
2800838
2802838
2801131
2795727
2802717
2799564
2802840
2798831
2799956
2800032
2799243
2798588
2797520
2802845
2802113
2788200
2789025
2792126
2799926
2792996
2788126
2790930
2799979
2801865
2802375
2802629
2801319
2801789
2801980
2802050
2803077
2801751
2801750
2802227
2780938
2797318
2798220
2790679
2799568
2795202
2768377
2803214
2803562
2790850
2792510
2800248
2787264
2799232
2801338
2798755
2797080
2794134
2793326
2724838
195984
2802827
2802285
2802806
2796418
2801943
2802548
2800340
2802627
2802343
2799815
2800256
2797911
2797776
2796699
2795823
2795174
2801781
2789526
2797231
2799693
2675486
2673374
2800056
2799166
2798616
2798529
2803313
2803206
2802551
2802180
2802443
2803545
2798264
2796808
2796850
2797509
2797661
2796413
2803128
2803428
2803407
2795309
2790980
2794949
2791460
2796081
2649535
2716835
2803963
2802447
2801306
2802586
2802076
2803023
2803466
2803687
2802693
2803566
2803127
2803259
2803281
2803366
2800286
2802765
2800029
2791664
2796002
2799504
2793114
2460379
2733494
2733309
2733572
2722224
2732299
2733120
2802854
2731923
2801414
2801613
2730396
2731322
2730272
2730408
2730399
2731598
2731572
2802156
2802609
2802065
2802496
2787847
2787400
2788681
2793135
2797457
2246983
2157964
2800167
2771887
2798244
2761333
2802619
2800818
2802080
2679277
2737542
2706478
2727960
2402749
2801860
2801838
2800530
2801650
2801324
2801438
2799783
2801203
2801079
2799834
2503654
2504398
2802107
2802663
2802246
2802637
2801877
2802229
2801427
2801461
2800610
