2797146
2790550
2796480
2795448
2319593
2780938
2797000
2675359
2798317
2796081
2799739
2797389
2799899
2791794
2799926
2799944
2798911
2798711
2799501
2798432
2800231
2800240
2798194
2787416
2787437
2797192
2797736
2795538
2794532
2788479
2793283
2793109
2793619
2269941
2495295
2797515
2798735
2795904
2795808
2799827
2798709
2800502
2799050
2798614
2798447
2797103
2795234
2795338
2793912
2793848
2799272
2798821
2796706
2788073
2784081
2791932
2796464
2791128
2760639
2750323
2800553
2799564
2795727
2799956
2799056
2799694
2800522
2798491
2798831
2800032
2799243
2798588
2797520
2796974
2796321
2798495
2799374
2799928
2798395
2788200
2789025
2785678
2792126
2792996
2788126
2790930
2793961
2798255
2800010
2799979
2797318
2799245
2798755
2798397
2798208
2797731
2798220
2799805
2799568
2792504
2753845
2795202
2790679
2791580
2758767
2768377
2798773
2799232
2799394
2799297
2786317
2792510
2790850
2787264
2786944
2797080
2794134
2790695
2787574
2788991
2724838
195984
2799815
2800340
2796418
2800256
2799867
2797911
2798460
2800139
2800408
2800300
2797776
2796699
2795823
2795174
2796611
2792857
2795809
2798223
2799151
2798835
2789526
2797231
2786911
2789585
2675486
2673374
2798264
2796808
2796850
2797509
2799166
2798529
2797959
2796022
2797808
2797844
2797661
2796413
2794497
2794496
2792017
2798616
2798288
2800056
2795309
2790980
2794949
2791460
2649535
2716835
2797139
2797849
2797845
2800593
2797669
2800560
2800193
2798666
2800071
2798417
2797067
2796217
2795797
2795216
2791188
2795765
2799504
2800029
2798319
2799191
2791664
2796002
2783976
2787060
2784193
2460379
2730140
2798284
2730249
2623380
2729944
2799806
2713154
2705570
2799204
2798825
2729367
2729064
2728787
2728434
2728409
2728190
2728141
2799389
2798426
2798805
2785983
2787847
2787400
2785765
2788681
2246983
2157964
2771887
2761333
2798244
2797345
2798925
2800167
2799604
2679277
2737542
2706478
2727960
2402749
2800568
2795007
2791881
2800530
2800756
2798729
2798342
2798225
2798206
2797079
2503654
2504398
2798286
2800752
2797987
2798812
2800066
2797688
2798832
2797112
2797745
2796218
